  (0, 1)	1
  (0, 2)	1
  (1, 0)	1
  (1, 21)	1
  (2, 0)	1
  (2, 281)	1
  (2, 282)	1
  (3, 4)	1
  (3, 5)	1
  (3, 6)	1
  (3, 7)	1
  (4, 3)	1
  (4, 8)	1
  (5, 3)	1
  (5, 220)	1
  (5, 221)	1
  (5, 222)	1
  (6, 3)	1
  (6, 321)	1
  (6, 324)	1
  (7, 3)	1
  (7, 212)	1
  (7, 285)	1
  (7, 287)	1
  (8, 41)	1
  :	:
  (367, 208)	1
  (368, 117)	1
  (368, 119)	1
  (369, 22)	1
  (369, 186)	1
  (370, 369)	1
  (371, 370)	1
  (372, 115)	1
  (373, 116)	1
  (374, 61)	1
  (375, 374)	1
  (375, 376)	1
  (376, 54)	1
  (376, 374)	1
  (377, 81)	1
  (377, 316)	1
  (378, 377)	1
  (379, 271)	1
  (380, 228)	1
  (381, 380)	1
  (381, 382)	1
  (382, 274)	1
  (382, 381)	1
  (383, 149)	1
  (384, 370)	1